12690
1
74299
222
50008
300
48784
309
54593
528
29193
549
2416
571
57846
611
67730
649
53197
672
7683
814
77486
822
58231
981
71816
992
29539
1039
52842
1049
58579
1123
21699
1302
28659
1343
69303
1410
27342
1429
69665
1504
41501
1699
61891
1702
57350
1706
65302
1767
68965
1884
55020
2025
9078
2047
38885
2254
79209
2463
25516
2466
74672
2489
33748
2554
6746
2569
50240
2618
73451
2671
51197
2719
10294
2727
22711
2775
17696
2797
11708
2842
68772
2954
63906
2957
68751
2968
5374
3006
51291
3011
31445
3017
47456
3039
79878
3061
42321
3134
23675
3160
56969
3170
46
3173
10831
3238
42661
3258
31148
3349
21010
3407
56206
3408
59075
3438
23207
3446
67337
3523
4300
3717
69890
3884
33160
3941
69888
3966
31870
4022
12893
4060
44893
4093
35063
4104
6211
4167
56465
4192
15530
4228
45673
4250
68680
4262
35141
4278
45406
4301
11793
4325
70737
4414
63134
4442
1388
4534
76864
4585
20974
4598
42207
4620
49754
4702
24151
4703
76725
4708
56639
4711
26205
4778
9981
4830
40800
4890
52762
4901
25946
4928
17383
4942
54674
4976
4105
5003
24313
5039
67235
5163
59493
5220
63883
5255
21539
5261
70198
5263
6028
5299
45311
5319
7118
5382
45538
5388
79181
5453
64903
5512
41767
5538
9696
5581
25072
5602
24
5615
15527
5647
3027
5653
12190
5703
12331
5725
69831
5787
43996
5826
2997
5934
15223
5949
9257
5973
73130
5987
3896
5988
1940
6035
12826
6048
74222
6072
73788
6081
74727
6082
64830
6119
20758
6255
51546
6350
11263
6351
24408
6442
55228
6506
63874
6551
39516
6678
58668
6701
28922
6796
52855
6883
19860
6906
21059
7032
14981
7054
53563
7072
44867
7122
72954
7228
40155
7295
45478
7340
49009
7433
41469
7441
33731
7534
28887
7624
69570
7643
65271
7702
69616
7722
11983
7773
42395
7790
57865
7791
29012
7798
49939
7799
20038
7873
36054
7886
13400
7901
25097
7931
59214
7947
38264
8003
42139
8150
2260
8202
29034
8242
8812
8256
22784
8344
59315
8371
19889
8392
64766
8445
18714
8474
48746
8609
36695
8691
64403
8780
47838
8911
13486
9017
24195
9096
52071
9159
43771
9216
66982
9273
70243
9347
19842
9400
11827
9438
36209
9495
78341
9514
78245
9642
71985
9665
37158
9707
43252
9769
17746
9805
10721
9899
58054
9905
5055
9919
56462
9938
11378
10032
65379
10140
56713
10191
78995
10310
9868
10332
49318
10342
38279
10437
57344
10529
64900
10659
6297
10871
29073
10911
59334
11257
11780
11316
36982
11398
47200
11442
77978
11469
7786
11490
51161
11504
73340
11508
22255
11562
76494
11601
2752
11614
20837
11687
75130
11766
16286
11777
59222
11846
14227
11888
62721
11896
17594
12001
33465
12056
65806
12336
2470
12343
56192
12419
22429
12434
61737
12438
63746
12452
56010
12457
4587
12517
48700
12608
69390
12635
73266
12679
57207
12726
26394
12759
77534
12797
10488
12875
67355
12897
106
12908
69969
12994
50736
13004
78543
13059
13014
13088
33536
13152
76481
13160
18236
13256
14822
13325
63072
13351
27775
13466
22115
13493
23751
13571
4768
13722
40974
13749
21900
13807
74196
13868
43855
13908
17933
13997
33067
14024
61949
14068
4588
14100
39415
14324
21073
14395
32009
14396
77941
14421
66065
14437
72799
14467
18852
14483
34727
14587
79995
14789
39221
14814
64721
14855
44517
14860
41305
14922
67041
14961
36795
15118
62580
15124
19959
15128
8136
15191
51947
15211
44560
15245
26484
15428
11297
15439
29847
15455
63277
15478
13279
15491
12383
15508
31495
15557
34145
15568
53277
15670
1069
15790
6774
15820
66121
15843
51596
15895
30196
15897
61428
15926
2757
15944
56399
15978
61710
15984
33333
16090
70754
16106
4919
16112
9224
16146
12672
16153
76837
16156
57149
16292
16568
16297
41614
16308
32555
16337
34749
16340
48601
16389
68354
16419
40922
16470
26282
16535
28217
16571
51029
16617
42595
16679
53138
16680
4393
16694
32551
16712
65760
16747
46607
16766
49607
16810
16018
16825
68622
16826
39707
16832
60646
16847
47787
16893
6049
17040
6624
17070
49543
17077
11018
17117
62287
17126
61376
17158
42764
17188
25258
17211
29198
17274
9434
17317
20184
17439
8263
17442
9424
17446
34037
17484
33967
17529
12623
17580
21830
17652
38539
17715
35011
17745
31294
17827
51373
17843
32001
17857
23096
17862
34879
18035
26902
18061
42705
18129
34540
18148
4461
18153
16698
18177
46469
18245
17433
18415
7320
18504
936
18621
54786
18708
52633
18736
17665
18851
50069
18923
12566
18945
32628
18951
51681
19006
47217
19025
47408
19029
48704
19064
37706
19167
8806
19192
4609
19427
59447
19503
41099
19509
50278
19574
75989
19617
78578
19688
25883
19758
23851
19788
35871
19826
39790
19863
56609
19878
38547
19880
61748
19912
19781
19919
79183
20111
16428
20133
39461
20138
21081
20226
61608
20273
4836
20290
39782
20379
14343
20388
39052
20400
40112
20440
19491
20448
45762
20569
27498
20644
5935
20648
14427
20667
8236
20670
29595
20784
49338
20916
10099
20919
71747
21007
58718
21044
51260
21070
76836
21100
54217
21110
59853
21233
17033
21293
60744
21389
13322
21527
45212
21535
1439
21732
44407
21736
40427
21756
28243
21820
69625
21877
21986
21925
78642
22038
29069
22051
17371
22127
58438
22141
15451
22174
63879
22183
46850
22360
58105
22364
48103
22376
5734
22398
11118
22477
45963
22637
14338
22677
9651
22715
2073
22778
12574
22779
59125
22847
3179
22870
48576
22999
26842
23014
45617
23022
9838
23063
79715
23106
26268
23153
42429
23255
79804
23314
8646
23352
53900
23372
67240
23374
46041
23430
63997
23497
7483
23549
23969
23567
38016
23591
79567
23647
45162
23888
23171
24092
70527
24152
74043
24258
56037
24293
76356
24294
4657
24329
1740
24341
56158
24402
79950
24412
10239
24455
29052
24469
22214
24485
15213
24496
52257
24512
46007
24519
1177
24538
18001
24602
17378
24620
45924
24660
54800
24704
48223
24716
32165
24726
66085
24804
54495
24846
35914
24886
67578
24981
57214
25208
69845
25209
51067
25324
39514
25370
3177
25417
15693
25485
33107
25491
44099
25514
56453
25615
66063
25729
53847
25833
65824
25865
51705
25953
13560
25978
34436
26108
43654
26138
6511
26212
41948
26270
71435
26326
5482
26330
63201
26391
10207
26393
12177
26401
24782
26428
28019
26432
2784
26591
57999
26715
32047
26811
51256
26868
49991
26958
63686
26990
9915
26991
65635
27104
20320
27151
13195
27170
30804
27292
1508
27303
25772
27309
67489
27338
48951
27381
66053
27420
49142
27560
3166
27628
39209
27701
79055
27753
43816
27801
72673
27824
67382
27858
69862
27885
28440
27941
42503
28047
39503
28070
38980
28150
23042
28182
27817
28211
34692
28302
30152
28316
22456
28319
28692
28383
50671
28513
40436
28515
2614
28585
1784
28590
24501
28722
63688
28723
15746
28763
36864
28828
13200
28861
70394
28875
27429
28889
58586
28897
21876
28992
25748
29050
61921
29054
14987
29061
19654
29140
42740
29149
51231
29169
31675
29233
54190
29273
7609
29310
36724
29333
55288
29365
44619
29384
38048
29394
15753
29423
37453
29466
62403
29475
50181
29517
36404
29519
59892
29555
33514
29655
13870
29658
19671
29668
54393
29714
52229
29721
30609
29892
22858
29905
11165
29918
47154
30116
47435
30135
36274
30195
70337
30351
59407
30411
72566
30688
49065
30769
8447
30803
35878
30916
53550
30941
68908
30943
7741
30966
62777
30981
18828
31066
2363
31103
23433
31117
69196
31218
10514
31246
71975
31261
33420
31276
57886
31306
12723
31355
19412
31500
13044
31530
4674
31594
6529
31741
4542
31760
35602
31764
70699
31825
57157
31837
74651
31855
53964
31877
72795
31886
26747
31978
25971
31991
22076
32037
30680
32060
8014
32087
903
32102
39348
32115
71156
32140
50337
32155
44897
32239
6515
32267
1812
32283
59074
32348
57305
32444
5673
32477
5359
32483
61624
32496
18179
32500
23630
32563
4354
32666
561
32674
52029
32709
70436
32781
40742
32792
45036
32817
68350
32824
35320
32906
62074
32908
15576
32910
56190
32921
2153
32924
31529
33047
58344
33065
12428
33241
6939
33248
67301
33438
62443
33625
19317
33700
70859
33740
2023
33833
72643
33853
71994
33862
57221
33969
50501
33993
52730
34071
6575
34124
66601
34160
19866
34171
76468
34227
18719
34244
17969
34290
13135
34314
32526
34450
14917
34479
66582
34488
43529
34568
63911
34638
42985
34714
3055
34739
27952
34779
60561
34783
64109
34785
35860
34801
2221
34934
15335
34936
44901
34960
2054
34992
67534
34997
56707
35000
57581
35154
27405
35185
64927
35214
28050
35237
7481
35301
79991
35337
43298
35388
29659
35434
53526
35468
54229
35499
77358
35571
79253
35612
6383
35614
12636
35710
15899
35722
21205
35736
56967
35826
29856
35861
74722
35950
69231
36113
69633
36157
31685
36264
15483
36312
2026
36364
51354
36407
20807
36491
18477
36511
68117
36526
57930
36538
44124
36578
61425
36580
76970
36582
12031
36622
51308
36690
70062
36716
281
36786
14012
36882
4616
36993
37959
37039
77697
37042
40314
37047
7232
37116
28691
37145
3641
37178
62826
37207
41100
37329
12799
37374
71894
37438
23414
37464
32754
37541
40102
37668
11361
37700
53577
37824
46600
37953
63771
37956
68844
38023
19698
38074
73117
38096
20971
38145
46426
38231
3471
38250
55910
38256
62381
38288
16840
38474
49876
38591
1475
38672
35132
38691
75412
38722
39980
38783
22031
38794
30376
38845
54270
38900
28052
38926
37589
38979
59933
38990
51422
39014
71426
39103
52072
39139
37520
39146
42724
39198
50343
39223
31608
39287
49693
39391
31841
39508
5616
39576
32448
39584
10223
39721
69893
39753
27264
39857
56113
39866
32507
39950
79777
39952
67520
39957
6272
40030
60771
40039
25242
40078
72196
40129
34425
40181
37463
40207
44763
40272
41669
40499
74993
40522
71010
40569
61689
40603
72118
40604
71344
40634
199
40704
68230
40715
78607
40716
24197
40824
65180
40905
25653
40987
54771
40992
11388
41027
75979
41039
40517
41136
64679
41172
76113
41248
28694
41289
24778
41302
8858
41352
18419
41377
14654
41402
78090
41459
37168
41486
16944
41683
53985
41686
36116
41779
6135
41786
54691
41826
76600
41830
64037
41833
46814
42008
67752
42022
43276
42036
7424
42057
20445
42065
28998
42086
23261
42118
70781
42130
45747
42242
75473
42279
74583
42316
46424
42379
28114
42453
258
42501
17967
42527
60835
42670
47577
42731
60545
42817
76820
42830
12163
42835
28116
42892
22276
42917
72877
42940
14274
42972
10367
43016
2908
43075
1947
43181
6571
43229
60986
43360
47550
43439
70098
43461
10764
43464
40523
43519
50177
43554
13082
43558
20235
43690
38689
43727
32356
43736
50022
43806
74941
43883
72670
43963
70750
44002
76829
44006
19804
44045
63280
44072
42948
44097
14476
44212
17844
44295
33888
44444
16048
44504
57695
44604
74408
44625
52547
44639
18657
44643
55017
44741
4673
44820
63177
44891
39998
44902
15490
44936
8376
45010
19476
45093
61121
45176
11880
45308
52874
45346
66180
45409
15350
45413
390
45534
30076
45580
61573
45829
39067
45927
35632
45984
37466
46000
14221
46074
25503
46184
20196
46350
51889
46441
64686
46517
39483
46679
13099
46700
40819
46722
64209
46821
71732
46953
65264
46967
9941
46977
46516
46995
59741
47093
22370
47138
52668
47144
67554
47256
24557
47263
12408
47285
31572
47371
54218
47424
2617
47551
66793
47708
49724
47849
34845
47926
13193
47928
47763
47993
21417
48025
37592
48026
4539
48125
47890
48152
36542
48213
7138
48216
54760
48233
56262
48338
16867
48374
35134
48399
78767
48407
28853
48467
10744
48615
4927
48640
4593
48681
70230
48736
51069
48752
67886
48813
17309
48915
23877
48970
2234
49022
751
49031
5232
49124
20017
49159
73600
49208
39203
49345
1765
49363
23266
49420
6236
49490
42976
49498
11240
49582
36060
49605
76990
49608
34915
49772
37356
49791
33272
49825
77553
49841
1521
49925
22043
49941
42015
50116
36845
50169
13252
50204
56700
50234
79897
50243
11804
50309
23933
50331
3078
50342
22879
50424
34100
50583
65863
50673
17065
50675
73545
50701
25134
50814
62776
50826
34399
50833
31179
50976
20659
50979
53554
51066
45396
51102
37689
51207
49511
51217
2383
51327
37511
51408
28301
51466
69079
51515
44379
51550
60669
51665
36490
51735
76255
51834
15686
51845
40069
52075
2376
52076
30783
52149
52236
52157
35519
52259
48742
52305
46705
52315
79420
52320
20414
52332
73724
52356
53895
52377
8067
52522
60321
52531
56912
52627
71358
52712
22213
52742
16087
52746
78758
52833
8805
52878
10434
53094
10340
53111
25429
53129
78453
53216
43952
53279
73008
53283
68957
53420
44507
53423
964
53477
8378
53566
60498
53576
3763
53707
5437
53756
21824
53882
25087
53890
30307
53914
77506
53995
37912
54051
23814
54078
38804
54198
22523
54228
35182
54256
65426
54307
46773
54383
32170
54404
59679
54481
70170
54492
24158
54527
9076
54599
20107
54606
35341
54664
52032
54749
75669
54763
22642
54802
13667
54957
8917
55159
25909
55242
50185
55259
53617
55294
26251
55315
12338
55327
72874
55383
1326
55386
28178
55421
28244
55645
21201
55650
54514
55656
62671
55669
25488
55700
28188
55705
78921
55752
76332
55795
15167
55799
60098
55824
24862
55849
41272
55870
78461
55958
31177
56142
66579
56317
48600
56417
36191
56437
22499
56492
18620
56508
10661
56532
76147
56543
11368
56613
65035
56638
43990
56649
33310
56837
79353
57114
62786
57166
77133
57180
44027
57197
37740
57243
13263
57264
1297
57278
4382
57326
70168
57331
80
57388
41894
57423
49602
57545
56755
57589
7357
57675
79602
57732
78563
57855
58834
57892
58803
58022
52786
58187
63238
58285
29470
58300
14786
58465
12965
58494
78405
58512
24959
58581
19590
58629
38467
58675
44602
58689
29652
58755
33772
58783
26658
58792
21781
58825
34790
58829
47691
58868
77952
58925
28259
58941
8709
59045
68307
59078
19394
59095
566
59123
30497
59179
24448
59353
70664
59444
25829
59455
10304
59502
57177
59592
41751
59664
38533
59803
32045
59858
69259
59865
2558
59942
49642
59945
56746
59968
16252
59969
3521
60011
5002
60066
19723
60109
7640
60155
5863
60174
12632
60193
26520
60194
1660
60214
68942
60237
46159
60279
3434
60284
15035
60425
78313
60427
31975
60449
8690
60503
4509
60591
31485
60722
69737
60837
64946
60876
77327
60911
20101
60936
31925
60964
1860
61025
51829
61077
29853
61081
67459
61151
13949
61166
6797
61182
71471
61300
30760
61348
62851
61460
20438
61469
71660
61498
1757
61534
55196
61543
74685
61561
52532
61600
33889
61629
59004
61654
24407
61664
71713
61755
5580
61810
59918
61907
43678
61910
2287
61929
68181
61948
79129
61991
23872
61994
4256
62210
68439
62267
42481
62275
54918
62309
817
62320
55690
62322
5606
62370
8097
62383
52123
62386
33028
62478
25119
62484
65410
62501
24582
62642
30480
62717
29576
62735
65779
62756
3819
62762
13226
62825
66913
62860
63710
62942
35245
62995
71568
63305
33903
63309
54251
63336
15087
63477
57259
63661
32245
63677
71380
63856
72016
63962
31314
63966
26885
64017
2889
64107
70536
64144
3713
64229
7817
64246
34672
64275
26147
64282
9188
64349
4176
64454
52204
64470
45772
64497
31845
64675
61230
64724
174
64809
31411
64817
6193
64870
33605
64930
52152
64940
8964
64964
65620
65010
52288
65029
76986
65104
67872
65152
29924
65194
27895
65244
35665
65272
35130
65300
69424
65315
56015
65375
1423
65405
18689
65465
20301
65467
12180
65619
5134
65652
35836
65674
65317
65707
39603
65772
68281
65807
455
65853
38529
65881
15631
65986
41262
66005
65982
66033
20005
66084
16042
66136
52871
66213
10596
66249
64122
66467
62412
66502
23149
66527
68107
66547
3501
66589
46382
66639
38395
66650
21208
66728
42465
66746
74594
66830
79321
66857
20674
66860
47438
66931
10848
66932
38648
66945
23440
66959
15271
67031
12324
67095
13227
67108
30496
67264
28701
67334
67937
67404
3912
67490
60696
67774
30698
67803
36277
67804
70810
67854
13042
67859
60423
68050
49033
68075
6862
68081
24007
68179
72939
68397
45379
68426
29335
68450
3460
68525
58155
68526
40486
68564
45139
68638
72473
68693
48907
68695
50238
68720
23132
68738
28837
68791
7196
68794
19208
68841
14763
68848
47440
68880
58669
68902
13577
68926
34660
68941
12854
68967
22283
68984
75682
69018
38122
69033
3273
69037
46057
69088
40933
69149
69417
69164
66041
69257
24476
69294
39754
69319
18672
69331
12584
69340
74267
69367
41522
69394
75326
69404
44937
69497
20973
69528
30452
69545
35475
69648
16102
69723
37834
69740
57625
69742
61596
69803
72666
69828
2327
69919
75859
69925
66877
69975
592
70008
75308
70159
64133
70226
10847
70305
65200
70347
14806
70407
17395
70573
28706
70605
47766
70682
74119
70684
49372
70707
74735
70786
64307
70817
65229
70829
15195
70957
17173
70970
20930
71041
69334
71151
14062
71152
58116
71195
58379
71198
75331
71264
19487
71294
24000
71295
11293
71330
26975
71508
33934
71559
16737
71571
7193
71621
64689
71631
23788
71666
28396
71674
11541
71765
5652
71809
35352
71828
56506
71865
36573
71887
23510
71901
29908
71907
70749
72007
55972
72029
54916
72034
78127
72053
2357
72117
8171
72155
38112
72195
44503
72266
10234
72350
135
72355
43400
72481
37948
72542
2431
72574
50666
72613
30467
72701
28054
72712
29401
72725
6760
72828
79413
72849
24675
72875
28497
72923
31160
72966
11599
72989
25500
73162
61187
73170
16422
73180
11399
73186
6109
73487
78781
73511
71092
73580
44798
73622
52350
73643
7007
73688
62778
73799
53089
73806
56648
73811
32537
73915
46005
74026
45925
74050
4846
74054
68229
74069
73636
74172
27825
74184
30772
74220
42098
74252
39823
74363
58733
74586
15561
74664
16961
74736
32623
74890
17555
74983
1972
75027
3151
75046
3542
75109
6357
75117
52056
75187
35121
75228
2524
75244
62360
75267
2652
75272
2814
75373
17561
75446
9227
75466
1368
75536
54884
75611
70716
75646
18326
75733
55675
75763
8841
75863
72740
75877
5249
75924
70010
75930
42291
75942
7349
76033
31316
76037
36402
76046
5558
76055
40392
76059
21282
76070
38128
76101
25151
76117
17014
76220
24196
76267
2224
76389
42599
76442
34101
76502
25064
76545
58316
76571
39104
76819
66660
76862
18603
76895
11178
76899
59060
76936
44693
76942
299
76945
31329
76987
72911
77038
9572
77081
71458
77161
63923
77240
11580
77405
23898
77435
12193
77464
49727
77471
44876
77489
17598
77593
58731
77612
52846
77672
48384
77763
41220
77795
58236
77873
39292
77903
19725
77915
1563
77940
68239
77979
11752
78003
77356
78083
11679
78162
58977
78176
67247
78252
42119
78280
10046
78356
68321
78378
72617
78681
62420
78752
27154
78777
27867
78799
12394
78822
25527
78924
42857
79009
76785
79331
30119
79630
5345
79635
12103
79913
12606
29
31219
35
24216
45
64660
47
37217
74
1526
119
61538
149
12399
210
60961
256
27020
268
19258
292
40095
311
57912
332
65040
359
2225
371
12917
380
50301
383
62110
431
33269
438
38263
483
36293
527
21374
529
52758
531
33409
539
40859
558
22007
588
50867
598
63984
606
43277
609
17268
620
46819
643
18827
663
54809
670
29703
693
37506
727
47330
728
63568
743
48627
745
3736
758
42523
761
58592
782
17221
788
43616
799
56219
815
24987
820
11061
829
5866
837
29528
840
52669
857
13985
875
62427
887
38333
954
56571
979
35764
985
15414
988
24060
997
36094
1004
1203
1041
36891
1054
43236
1072
9789
1076
53083
1111
17579
1117
72304
1121
4023
1127
38566
1153
78672
1195
64989
1245
45999
1248
73347
1269
13063
1309
38517
1345
29936
1361
62674
1362
74620
1367
55932
1405
5167
1412
21333
1441
21137
1461
48532
1469
41604
1473
39325
1494
28858
1531
40643
1540
76957
1541
11554
1591
68148
1600
50766
1614
37242
1634
43988
1640
3984
1655
42363
1667
67034
1728
27456
1760
477
1795
56339
1802
49889
1871
75048
1886
16957
1896
29593
1898
22378
1905
73005
1982
63007
1984
16264
1985
44841
2055
45040
2059
31653
2065
1073
2066
8363
2078
74571
2122
19607
2127
19048
2130
22381
2135
25129
2149
41158
2155
63126
2163
62376
2169
72237
2212
58852
2222
17406
2232
27042
2242
14544
2269
10863
2282
12922
2299
59357
2372
39561
2396
63786
2398
19875
2432
7807
2437
75945
2449
2946
2476
18571
2495
43089
2506
21211
2513
53930
2531
57103
2532
7604
2587
31250
2631
79693
2643
62873
2668
3191
2669
27697
2681
54703
2698
72716
2710
48723
2724
74249
2756
65102
2758
39259
2781
62596
2843
31982
2911
5537
2916
42566
2920
79128
2993
29575
3031
63938
3032
70209
3049
43662
3087
27592
3101
66952
3122
20907
3146
64618
3178
25697
3246
10588
3268
13654
3354
60607
3355
45791
3357
48286
3361
35088
3416
76662
3439
13515
3445
38697
3453
67278
3474
53157
3499
56783
3541
71973
3549
64811
3555
30610
3557
32463
3603
74336
3626
7276
3631
51864
3659
13957
3732
17422
3758
74447
3761
9806
3780
64477
3783
1583
3787
14000
3820
58191
3825
61100
3829
38136
3853
1708
3887
54315
3904
44561
3905
23615
3913
31676
3927
40831
3928
2385
3935
8413
3942
67229
3951
11096
3953
4352
3954
78302
3980
51710
4034
37250
4035
18284
4037
74226
4064
45028
4068
47001
4097
66829
4133
23000
4147
28785
4185
18287
4274
10814
4307
77294
4319
30510
4351
79850
4356
10635
4359
65916
4399
52737
4419
67403
4433
55323
4439
4126
4452
3197
4465
14157
4482
74218
4501
40071
4526
24006
4567
44197
4570
23981
4626
64602
4647
43527
4655
43026
4665
51264
4671
33522
4705
3926
4716
18264
4767
29999
4880
59934
4913
48401
4941
11435
4946
21359
4954
48964
4956
46056
4977
21754
4993
54693
5023
65305
5036
33661
5063
15954
5081
13130
5088
52373
5150
54457
5154
62212
5159
68419
5162
6674
5165
39660
5174
33632
5175
16630
5180
62655
5193
41015
5226
12159
5238
26732
5248
6302
5273
20681
5280
27719
5291
64760
5300
65
5317
42089
5318
11600
5333
886
5341
17847
5352
20257
5370
78694
5389
59462
5397
57679
5409
19110
5416
6573
5438
73988
5447
10739
5472
14155
5476
71320
5480
74264
5576
15297
5577
26999
5593
25919
5607
23230
5614
34914
5642
4887
5648
69425
5655
49306
5663
63589
5671
18908
5682
28698
5694
23092
5701
4816
5715
58345
5731
40852
5733
15011
5740
49221
5761
61421
5764
29520
5771
71605
5788
40718
5816
15055
5829
17732
5849
17078
5851
15840
5868
24231
5870
40114
5876
18601
5880
59535
5886
46648
5900
76594
5901
10428
5910
12991
5918
77245
5931
37474
6002
28866
6008
78140
6029
76217
6051
17929
6052
11347
6094
7098
6097
36134
6106
58697
6108
12735
6125
1108
6161
21130
6238
23609
6301
7384
6312
54547
6323
71482
6347
67012
6426
57922
6433
35951
6452
20067
6467
18452
6468
7992
6482
3459
6517
32226
6534
17187
6536
64899
6550
18254
6555
61692
6556
3533
6564
4005
6572
12354
6594
20054
6596
27687
6629
53166
6637
79755
6675
42414
6677
36273
6700
18569
6722
74821
6731
35123
6736
67415
6811
59306
6837
35716
6850
12188
6876
9294
6887
35638
6897
57381
6927
47745
6934
21239
6960
76997
6975
16889
6981
65219
7014
30935
7117
3519
7124
62014
7128
22242
7135
73235
7153
39509
7206
4659
7219
2176
7239
58031
7240
21401
7245
39570
7337
27131
7342
73000
7353
8883
7360
34677
7378
6585
7381
43328
7437
40174
7450
33524
7458
44208
7508
44111
7509
6291
7525
67381
7540
18718
7552
1993
7554
69289
7575
8087
7580
77298
7596
54116
7638
79577
7646
18349
7659
14635
7667
64579
7676
8679
7696
48397
7724
49102
7728
70490
7731
64670
7738
47709
7805
79600
7809
36101
7812
48766
7825
31014
7843
72143
7847
39961
7850
75010
7852
45304
7863
41232
7954
40106
7959
11169
7962
68758
7996
1777
8013
17691
8017
75961
8045
75231
8066
67097
8082
48303
8113
21270
8225
4211
8232
7897
8233
49912
8251
41818
8345
72470
8388
44420
8415
20142
8531
64790
8624
1047
8654
28237
8697
48925
8707
27281
8726
29592
8743
71173
8766
25414
8821
57070
8824
76748
8988
44086
8992
49897
9008
46362
9040
8493
9065
17323
9089
66591
9103
36539
9135
26632
9144
2899
9187
19674
9201
7721
9207
15912
9256
15272
9287
51893
9311
29560
9361
16593
9373
48852
9405
75580
9412
40781
9449
8660
9453
48789
9549
12727
9608
23158
9626
63044
9667
68571
9680
34339
9681
43802
9712
13253
9728
22260
9733
41672
9749
73430
9761
20703
9764
17890
9775
52004
9793
5619
9795
58596
9855
67688
9879
25732
9908
51730
9939
43636
9965
33615
9969
16427
9984
63732
9997
42872
10008
5201
10009
41993
10051
74970
10076
1996
10078
35351
10136
22738
10215
39035
10222
46497
10263
22601
10316
30384
10319
12914
10320
62473
10321
74742
10329
40650
10364
77880
10366
78832
10376
42495
10392
36708
10459
50873
10475
35929
10523
9013
10593
71476
10702
67813
10742
18658
10749
19341
10760
67863
10794
34326
10801
12753
10808
75255
10849
8830
10853
74843
10887
77452
10895
40248
10910
15852
10940
48052
10942
13178
10985
22515
11014
62002
11035
17374
11068
42885
11080
15729
11088
24297
11097
32653
11112
44674
11137
15809
11179
75265
11213
16748
11243
70178
11255
64569
11321
45464
11334
12902
11344
36365
11346
75166
11356
18729
11375
70321
11394
42401
11436
30220
11440
32136
11441
44750
11473
48264
11489
69185
11492
6192
11529
37571
11531
75707
11566
45121
11569
38480
11588
23332
11592
51165
11650
15091
11724
21156
11747
772
11748
30071
11856
31909
11875
61490
11911
49375
11912
53408
11925
73950
11939
32812
11964
78427
12007
39729
12020
51328
12032
35058
12040
57219
12045
42052
12082
38857
12094
16114
12121
25048
12127
64943
12129
68668
12133
40362
12143
39881
12148
49349
12162
4792
12175
79666
12204
13838
12207
46050
12233
27089
12283
8610
12332
55063
12340
17354
12386
15847
12423
44552
12433
15301
12461
2834
12487
20735
12500
42413
12501
3794
12523
26113
12532
41078
12640
40469
12656
8131
12673
37933
12787
57282
12813
12345
12821
9005
12835
67389
12837
6845
12863
17377
12866
1599
12916
43985
12946
35171
12980
10240
13009
62211
13039
36091
13056
42791
13074
74777
13075
75143
13098
72191
13179
13850
13208
61368
13222
75061
13232
30487
13295
9105
13310
22850
13354
13284
13383
9620
13387
37599
13402
59565
13445
4181
13470
13116
13544
40845
13552
5796
13556
51651
13581
46570
13591
78147
13596
64394
13604
72268
13615
11648
13619
18545
13635
42648
13656
44778
13675
64881
13680
54226
13759
8157
13767
53726
13774
58450
13821
9825
13922
59387
13924
33560
13926
202
13936
40027
13961
55097
13976
68685
13981
27657
13991
56944
13993
28557
13998
34589
14007
46220
14020
27721
14097
37573
14109
52950
14141
24433
14205
7335
14218
79492
14219
27326
14253
3248
14260
42539
14292
45173
14303
339
14315
30414
14317
76878
14360
47639
14368
43334
14378
34570
14387
12036
14402
17965
14462
60997
14523
53597
14541
3035
14555
23937
14599
63403
14622
55486
14642
6563
14664
62405
14671
73815
14721
40359
14732
66542
14734
7783
14759
39947
14844
31374
14854
75998
14861
27790
14871
33836
14875
15459
14877
9734
14891
50063
14921
64408
14945
46792
14963
59154
15017
62912
15058
26455
15079
19791
15136
70361
15137
32514
15148
34828
15180
938
15199
3991
15346
79453
15389
55273
15410
439
15412
42120
15470
36651
15484
2458
15497
1851
15552
46630
15655
51311
15659
70863
15661
2034
15677
25726
15680
78743
15712
49068
15733
3592
15801
32530
15805
61655
15824
61287
15960
7089
15993
26524
15998
31657
16024
10145
16031
66430
16152
18581
16214
2447
16228
17636
16231
73183
16246
54106
16257
7613
16273
18318
16284
53270
16289
69040
16295
74456
16302
2465
16334
50761
16353
33818
16364
22244
16406
67719
16460
60775
16512
41788
16513
35476
16520
70601
16562
1691
16581
20550
16584
45785
16587
27299
16598
36207
16622
36223
16636
30042
16646
71527
16655
13084
16684
52212
16697
2953
16716
19547
16734
13761
16776
42664
16786
14674
16878
75173
16905
28124
16937
38578
16938
34581
16967
16089
16988
33263
17068
2033
17089
45588
17097
20540
17116
29504
17169
61732
17172
78639
17189
64043
17206
5313
17208
55384
17224
7890
17243
20066
17269
31159
17287
54286
17300
13897
17408
12792
17464
75047
17480
29295
17487
3872
17514
9208
17518
65454
17527
21660
17530
63326
17551
8008
17576
55500
17626
72404
17638
22957
17639
12397
17671
21600
17676
27910
17688
44194
17718
68274
17726
40848
17737
3983
17747
63798
17799
51568
17852
39448
17854
67261
17900
10678
17905
74686
17908
15764
17923
6206
17936
10946
17968
2144
18039
29599
18065
52851
18081
67631
18104
59941
18116
39003
18140
25046
18155
1673
18169
60501
18174
47241
18223
9910
18305
29685
18350
65565
18366
40693
18445
71687
18446
40578
18466
76289
18469
53454
18475
18031
18476
27739
18486
18335
18535
64463
18538
29257
18543
59790
18544
22029
18560
56022
18582
19722
18583
21563
18590
21023
18598
67123
18605
58050
18614
39745
18633
35504
18662
32295
18706
72204
18722
22160
18749
12548
18780
2707
18787
43045
18810
917
18840
7322
18856
54381
18897
76549
18899
48884
18906
13563
18912
21560
18917
13982
18968
38958
18981
54740
19008
52513
19023
4241
19028
66689
19040
71526
19043
30272
19056
33340
19107
63315
19146
52477
19190
64157
19212
7110
19238
69216
19249
17204
19253
53367
19386
6079
19389
21071
19429
39546
19457
3309
19468
45365
19501
52109
19542
17832
19554
78785
19575
57955
19626
59653
19629
70486
19643
53424
19666
15543
19691
32545
19695
456
19715
67051
19749
75485
19754
62298
19761
60461
19795
20329
19816
28122
19862
70270
19884
40796
19893
76789
19898
34008
19907
56738
19909
12041
19911
73333
19913
949
19946
25024
19949
21074
19972
62733
19980
35678
19984
40660
19998
31230
20011
51196
20028
32274
20039
44940
20051
34951
20091
15921
20140
10828
20151
58927
20173
9519
20239
19571
20268
49555
20282
6173
20319
1595
20353
78946
20365
34202
20377
42912
20489
56587
20494
9200
20495
1488
20518
36586
20525
24765
20532
64194
20553
27501
20555
8424
20574
20114
20581
23712
20597
8240
20598
10185
20618
52092
20675
65860
20678
32740
20726
64386
20727
59609
20743
62187
20780
51086
20803
18235
20886
78725
20910
75861
20929
52655
20932
52197
20981
9657
20995
12953
21045
23858
21079
77241
21105
9473
21127
74072
21139
14665
21158
40617
21162
25197
21185
65542
21194
15927
21219
71159
21241
20683
21249
25627
21269
64667
21291
29088
21297
4552
21304
26922
21376
69190
21382
43674
21384
53247
21444
56379
21457
77981
21485
48621
21501
73669
21550
4036
21558
17609
21585
40443
21603
53015
21634
18616
21704
40445
21723
33491
21757
30786
21773
57508
21811
79002
21840
70485
21860
27903
21896
27324
21919
46620
21943
43180
21959
35848
22001
14572
22010
56089
22018
6579
22030
53117
22036
2098
22078
19338
22097
73
22123
57116
22175
75484
22217
68595
22238
19714
22268
30519
22269
47707
22286
76146
22293
70578
22310
68168
22314
45861
22320
18826
22327
70491
22332
63638
22351
58554
22355
47584
22357
53867
22369
22746
22371
65437
22374
25508
22478
66470
22538
50387
22597
57240
22621
22513
22630
26031
22639
62972
22640
67450
22651
8834
22672
11762
22732
48386
22792
487
22804
56658
22820
56774
22838
56995
22857
21722
22865
67364
22936
35529
22962
41093
22967
30167
23013
58059
23024
70672
23031
51059
23046
73242
23057
73831
23060
60368
23067
12482
23069
58320
23076
78019
23083
68710
23168
931
23185
38436
23192
8798
23201
66273
23219
26937
23251
13900
23297
10100
23312
2661
23322
55748
23328
66117
23397
1782
23403
11653
23409
5028
23464
33518
23477
15261
23482
59121
23490
67542
23500
21678
23534
10586
23537
64555
23563
1671
23592
34657
23619
19355
23669
25923
23692
66828
23731
48569
23733
14515
23754
21829
23764
71856
23817
13188
23846
73862
23847
4656
23850
22107
23852
37802
23867
29411
23890
74450
23990
72892
23995
61096
24029
61146
24030
56006
24093
73780
24096
13247
24110
26806
24114
53631
24117
59372
24128
79495
24190
43920
24200
79918
24210
27193
24288
25742
24335
44138
24353
28781
24362
63263
24376
11879
24394
8247
24427
75503
24437
47150
24463
40136
24468
64149
24481
33038
24507
27779
24590
24217
24636
58816
24658
20344
24683
33977
24684
71013
24691
42968
24709
29452
24729
37013
24732
34162
24734
69345
24779
67166
24783
49827
24797
22249
24802
56071
24807
11041
24822
71413
24858
55398
24890
66383
24893
10433
24940
73711
24942
51491
24946
43240
25022
2780
25035
8114
25042
11729
25052
73543
25053
570
25062
25775
25093
51538
25113
67749
25154
24864
25161
38726
25176
20336
25183
55646
25199
30374
25211
33357
25238
71950
25272
22189
25295
69254
25297
55528
25299
16144
25347
55187
25382
55043
25395
32790
25418
19031
25449
29974
25480
73721
25497
5301
25536
79193
25541
67463
25561
71521
25572
11367
25597
77743
25600
28732
25610
2695
25621
26260
25633
47070
25635
31444
25652
76520
25677
25160
25686
63441
25700
23777
25743
78854
25788
26899
25791
26900
25814
68840
25826
4892
25895
48371
25913
2783
25926
21288
25934
26470
25941
41371
25948
13529
25952
42196
25964
35209
25983
59238
26008
3267
26026
63898
26038
68599
26049
62265
26066
27158
26080
1038
26094
46987
26104
67438
26124
43043
26141
76153
26148
25486
26159
17689
26160
325
26170
67921
26175
8955
26181
33699
26186
65564
26200
216
26216
70482
26226
5403
26228
31849
26252
6558
26303
23993
26341
4621
26346
33285
26371
14717
26385
18042
26388
54346
26427
61366
26478
29782
26494
34149
26495
76624
26507
48270
26508
67274
26516
54465
26522
185
26555
74357
26563
49535
26599
1789
26600
51342
26607
2460
26627
68305
26684
57898
26762
38781
26809
5979
26813
27760
26844
73086
26873
42288
26907
24065
26935
38806
26959
642
26974
58724
26989
5100
27014
34822
27038
47374
27047
37433
27052
65334
27062
19641
27088
28400
27093
60014
27134
60950
27136
54617
27169
10779
27288
64435
27310
60441
27315
11269
27316
30788
27382
70200
27422
13458
27432
73021
27451
56797
27453
53
27490
12685
27603
51841
27612
12043
27635
1275
27713
44293
27741
14142
27742
49961
27764
52020
27766
75887
27818
66166
27830
7556
27872
38171
27887
79285
27949
30
27981
40138
28007
28952
28025
2462
28029
76164
28077
45843
28107
15083
28115
61205
28119
6261
28129
45853
28157
64308
28180
36188
28183
36562
28224
74773
28232
58819
28308
24830
28414
78450
28446
77323
28482
14416
28483
59055
28490
63299
28517
40711
28522
5941
28539
65940
28569
46750
28570
24474
28592
56279
28615
13275
28624
28579
28629
43819
28730
39521
28800
61963
28820
50408
28835
45604
28947
23577
28975
2341
28983
74717
28984
7905
28985
13067
28994
1786
29016
28680
29144
72758
29165
2739
29201
77565
29206
29334
29237
34543
29265
69664
29274
77598
29281
8685
29305
18303
29318
30420
29359
37854
29368
4102
29389
79890
29432
61258
29447
38113
29460
14390
29471
64169
29486
21323
29487
6545
29512
40271
29538
30531
29543
11842
29561
7127
29570
10159
29600
38643
29602
52660
29614
39989
29651
50571
29687
29391
29696
57396
29735
78296
29749
21089
29759
72736
29773
71160
29803
34614
29804
6214
29822
54735
29917
11475
29977
31450
29992
48761
30007
21245
30010
25333
30028
76231
30047
20128
30051
65761
30072
51158
30083
19250
30094
44199
30121
58366
30127
10189
30154
4591
30161
45679
30165
67305
30173
46796
30189
1118
30221
72495
30243
20053
30246
36275
30252
73148
30265
53249
30282
13845
30299
29509
30305
74149
30330
46171
30334
66565
30352
42918
30354
65913
30369
37093
30390
68485
30399
22434
30405
8790
30427
11558
30433
29363
30527
46297
30549
54776
30566
61000
30587
39344
30615
7325
30626
55668
30645
12066
30653
29755
30654
14273
30677
76415
30763
33328
30768
73877
30780
30501
30838
78748
30860
34051
30875
78997
30914
6519
30920
2818
30937
36846
30970
24936
30989
78184
31059
65006
31077
33630
31108
65372
31127
49705
31146
6864
31180
13356
31256
72214
31318
36907
31378
1869
31386
12274
31403
60602
31414
76550
31474
20864
31492
64510
31502
42953
31539
60648
31548
18721
31573
32546
31582
75444
31599
30904
31603
56485
31605
42841
31616
71207
31617
16787
31630
63757
31656
79298
31670
48686
31691
48988
31699
4160
31705
73606
31856
76437
32003
60433
32307
18165
32359
41212
32364
25106
32395
78987
32401
62180
32427
23355
32478
63256
32484
2286
32527
35099
32535
60320
32541
75778
32554
76323
32613
7159
32630
49661
32692
66193
32768
31397
32776
60575
32779
72094
32809
48712
32813
4048
32944
30748
32982
47436
32992
46323
33000
3776
33097
38161
33127
6967
33228
39431
33234
43428
33251
26905
33308
15049
33321
78834
33349
64714
33395
14573
33446
74761
33479
51139
33509
76288
33523
33551
33527
6800
33528
70340
33558
43667
33604
25796
33614
24002
33642
2196
33697
6285
33715
37857
33786
28455
33808
59697
33894
16872
33900
3699
33932
57762
33940
28973
33989
72937
34010
20460
34013
1164
34033
14694
34065
75347
34079
1883
34086
3092
34112
25092
34178
69875
34218
67686
34264
23366
34322
10362
34328
44599
34392
5799
34427
75727
34459
29582
34512
16191
34541
57561
34555
34020
34571
22824
34615
5613
34617
74395
34625
4580
34643
52794
34656
43993
34691
27619
34705
47181
34751
22973
34754
11523
34789
72042
34837
16481
34867
35066
34982
42244
35008
76466
35017
39697
35025
34372
35033
17896
35068
19130
35091
70866
35094
49703
35096
6395
35124
40866
35126
40850
35133
73088
35174
67291
35184
28218
35189
59473
35194
78249
35208
36806
35275
14184
35302
5435
35329
69349
35333
25587
35354
17236
35358
26199
35375
27214
35383
11999
35394
70153
35450
20084
35459
73944
35472
53343
35481
9694
35482
47219
35506
49244
35559
23859
35561
20755
35575
38276
35619
53507
35629
44889
35631
21625
35651
64472
35655
9391
35706
78935
35800
74939
35820
62186
35866
44202
35886
1805
35900
61383
35988
46696
36006
35462
36033
4653
36037
24785
36067
68428
36082
59895
36105
12410
36142
21559
36226
22649
36254
66138
36267
73090
36306
52144
36379
31292
36415
44718
36422
13877
36443
36888
36463
27785
36509
9084
36522
2132
36554
37470
36561
75812
36624
35001
36629
15833
36654
18401
36671
9177
36693
28762
36704
32804
36728
67333
36736
2493
36762
45642
36770
18199
36783
3527
36799
16855
36803
78613
36844
78214
36850
43776
36872
63004
36898
52355
36942
36721
36947
64055
36972
3797
37012
24492
37068
7278
37081
37555
37109
17654
37176
61253
37189
22020
37208
11327
37248
60
37284
49322
37287
76145
37301
3429
37310
29106
37330
44330
37361
40146
37406
14609
37420
13583
37432
40333
37465
56246
37481
51171
37507
78928
37556
51423
37567
29000
37583
4807
37601
13660
37607
68675
37695
14105
37721
50724
37773
62839
37799
3225
37826
37569
37833
25586
37866
22690
37932
15311
37951
56325
37987
19956
38047
24324
38049
57427
38116
38234
38166
75433
38188
53020
38204
61439
38221
54004
38259
26766
38274
4536
38311
5111
38315
7486
38319
19376
38338
53360
38346
1407
38353
68445
38396
41331
38407
20113
38411
37630
38435
26770
38447
19751
38473
71642
38483
4741
38505
10023
38510
66239
38673
595
38692
36805
38718
61796
38730
49154
38749
29431
38759
11802
38760
5383
38799
18133
38815
36221
38856
63163
38874
67163
38888
79338
38927
41346
38936
66253
38942
8744
38977
1624
39005
6121
39040
41424
39077
10164
39079
78311
39121
72975
39142
16188
39148
13783
39164
44273
39217
31892
39243
22161
39277
48713
39314
32903
39388
12258
39395
62457
39442
51576
39475
27516
39512
20444
39518
70977
39522
14174
39543
22259
39564
41803
39565
67270
39623
77021
39636
356
39673
5494
39705
22023
39714
54530
39732
2439
39740
12680
39741
32187
39760
13724
39811
67824
39817
59494
39854
45345
39868
26730
39873
6105
39876
57680
39892
51238
39996
49834
40013
5171
40022
10936
40041
12451
40081
45400
40100
17125
40121
22053
40210
29469
40219
51044
40225
57531
40231
71930
40264
76994
40281
64163
40302
53189
40423
39390
40431
122
40435
52780
40459
43498
40538
13921
40551
26158
40566
56600
40576
66015
40586
19390
40619
35622
40636
78094
40666
53989
40689
28963
40706
56570
40725
13037
40736
25607
40750
63523
40751
56562
40758
73050
40805
52499
40836
66736
40857
13479
40917
6077
40954
78195
40979
10761
41117
3906
41143
37114
41167
9488
41179
52269
41198
12777
41378
8390
41399
6087
41455
74126
41467
62075
41489
39323
41537
54667
41551
16388
41553
62246
41565
33309
41592
12221
41625
48017
41642
54025
41646
17562
41648
15069
41661
56910
41666
34507
41676
22084
41681
38271
41707
21277
41716
14598
41736
5008
41772
2590
41807
57208
41816
28245
41822
23226
41865
18205
41877
877
41885
60270
41921
79791
41922
76922
42051
37923
42081
24357
42087
22742
42159
31868
42163
24997
42217
51154
42221
3959
42237
23844
42243
54577
42253
28708
42256
62830
42275
70686
42286
38101
42308
48198
42354
29642
42370
74734
42420
39536
42433
28987
42484
62460
42498
50535
42519
11303
42533
33487
42534
8096
42537
16391
42544
27582
42579
31922
42634
39289
42655
78500
42666
25452
42681
39981
42718
34838
42726
23974
42750
65278
42780
71360
42781
22740
42800
39417
42820
13053
42887
47752
42929
34424
42946
54922
42959
5485
42962
16606
43062
31391
43094
452
43127
16745
43147
49542
43155
1556
43183
4149
43210
23028
43223
33907
43249
53806
43322
65030
43332
8164
43339
28127
43355
30537
43363
24157
43378
24877
43388
36777
43419
25125
43431
70310
43483
25824
43512
79313
43622
4162
43623
31515
43632
45743
43682
77290
43683
37389
43704
61871
43741
46701
43751
52666
43868
53786
43884
59539
43945
3711
43960
39207
44039
29957
44043
2288
44067
27717
44112
55482
44114
46728
44147
50973
44184
35960
44192
3994
44226
76812
44301
9466
44344
50669
44361
70701
44366
66111
44412
31636
44448
32460
44473
594
44479
2749
44487
42260
44501
48291
44508
74732
44525
57698
44555
47788
44668
53336
44687
49015
44727
70211
44774
57491
44779
22832
44782
63810
44797
59839
44858
56931
44861
55432
44898
33267
44927
35508
44974
29784
45038
36956
45088
64392
45115
77444
45145
36088
45169
38924
45189
52516
45209
8937
45225
1888
45229
28109
45257
59977
45267
35833
45273
6827
45278
20255
45303
38193
45309
27400
45339
28764
45343
54603
45374
28454
45388
76683
45402
44437
45418
74551
45430
8677
45444
58815
45449
61531
45450
48297
45451
17017
45521
70344
45552
76955
45556
33114
45592
57020
45613
74783
45616
33591
45643
20466
45684
32799
45754
3735
45770
15043
45805
67640
45807
40939
45837
51010
45890
70339
45895
19
45947
63581
45964
65438
45967
26611
46042
10864
46107
41729
46116
60730
46134
39602
46140
58100
46167
17050
46173
46944
46201
61400
46205
32525
46253
69175
46273
48844
46287
24664
46288
45808
46332
29794
46348
57265
46387
54311
46529
27282
46552
35759
46557
68828
46581
13686
46585
71254
46615
63159
46627
13028
46641
63453
46662
30542
46690
51111
46707
5125
46725
49569
46734
42012
46738
44455
46745
65057
46776
22518
46864
6265
46991
78869
46998
48853
47000
43982
47007
22763
47011
13260
47050
51233
47082
7779
47086
32040
47122
1734
47149
18397
47193
29748
47242
44061
47286
29390
47289
43987
47346
15298
47392
65942
47428
72527
47460
63919
47500
27622
47519
44527
47526
60331
47533
46520
47542
63720
47559
51096
47582
38414
47598
41846
47604
56916
47621
56329
47652
22517
47730
42033
47784
16002
47816
56764
47845
2665
47897
44721
47944
54384
47958
51188
48031
33805
48074
31299
48093
16943
48096
59952
48100
78641
48141
41391
48161
46153
48167
37004
48185
44672
48201
52455
48258
9692
48311
56541
48392
17994
48426
56697
48441
62128
48461
64085
48489
58094
48495
5142
48504
36358
48524
49304
48571
26322
48597
16992
48607
11549
48633
29787
48655
76125
48660
62633
48749
37756
48790
19244
48833
33369
48835
6973
48850
48181
48856
69600
48866
27581
48897
1612
48946
46918
48952
64131
48957
50305
48980
1975
48993
58140
49030
46302
49038
5875
49041
7888
49060
11113
49089
40015
49094
30679
49098
9556
49099
52964
49122
42508
49138
66822
49143
42603
49199
37922
49207
34519
49261
8041
49270
50089
49281
37545
49290
54466
49332
75780
49334
3894
49340
35525
49389
47103
49440
28599
49520
41649
49521
78939
49525
3623
49575
55875
49591
1510
49634
64947
49665
279
49670
50088
49728
67946
49756
54386
49794
66781
49803
32212
49857
56521
49891
7865
49904
31051
49918
78303
49920
40774
49937
74219
49973
39818
49997
31140
50015
38906
50027
54874
50038
61006
50079
57162
50081
74183
50084
65216
50099
23908
50141
6434
50178
43475
50232
79622
50237
69815
50241
69112
50284
77835
50317
59780
50362
18135
50376
13457
50447
51220
50474
31354
50523
39515
50545
18149
50592
45208
50668
50402
50708
61886
50721
33399
50739
31931
50858
38071
50878
7231
50928
75779
50995
76851
50999
29802
51003
67106
51048
10045
51057
34213
51074
8532
51105
49782
51125
27488
51137
51304
51201
26644
51239
5421
51305
18751
51351
78525
51404
73852
51413
13304
51425
7737
51444
53351
51450
17510
51460
61337
51495
32412
51520
15449
51525
5433
51545
53854
51559
59954
51594
8977
51609
56008
51632
48878
51634
15605
51650
66021
51777
8718
51791
27416
51833
62061
51852
47602
51891
68650
51896
36239
51897
11961
51901
79088
51932
17353
51950
74414
51961
12267
52016
70680
52101
8837
52124
49597
52217
24439
52290
68808
52321
10158
52331
76161
52340
48259
52344
150
52363
74753
52376
12595
52464
75701
52467
1251
52502
11305
52545
34525
52581
23177
52603
34724
52632
39286
52636
12528
52701
12259
52704
38186
52721
69320
52724
7130
52774
26590
52816
13589
52862
31995
52900
77117
52911
20070
52946
10684
52975
9636
53001
32162
53008
22019
53012
38545
53014
68000
53026
5708
53031
17540
53036
71628
53060
8982
53123
803
53141
36575
53149
72006
53188
30752
53191
50659
53211
66777
53219
922
53226
77729
53256
28074
53308
36855
53426
5959
53438
15077
53460
18403
53490
9509
53495
51929
53545
16950
53548
24800
53558
56507
53575
3135
53586
23002
53612
24631
53615
41404
53624
32905
53630
21427
53643
44228
53660
18023
53678
14714
53684
60953
53744
67784
53749
19910
53809
25545
53816
48234
53837
59795
53898
51371
53902
26976
53912
15232
53933
19015
53967
58632
53974
65177
54059
398
54076
12823
54109
38724
54203
54659
54297
30170
54349
13574
54354
38487
54405
59207
54456
79323
54483
56733
54497
16267
54508
65878
54512
842
54520
67085
54533
47618
54550
59994
54592
33958
54609
61397
54632
18914
54649
8098
54653
57958
54656
73510
54658
56936
54709
50093
54738
56784
54754
38649
54789
54250
54829
18979
54834
50696
54867
17235
54872
50783
54910
68576
54920
74898
54924
61752
54927
39783
54961
30998
54971
591
54982
61750
54994
72968
54998
3502
54999
70359
55019
15618
55021
26435
55028
12768
55039
17335
55046
49069
55060
21701
55073
47948
55114
26859
55130
103
55143
488
55166
67044
55171
38179
55174
18992
55190
494
55320
50796
55321
41618
55328
11031
55335
49432
55366
22532
55379
29209
55397
26876
55403
79122
55429
36051
55474
12173
55510
46151
55535
10980
55538
53555
55581
28173
55594
16721
55648
74272
55652
23041
55653
5279
55655
1924
55678
1267
55686
17569
55718
35347
55727
63031
55763
16876
55798
3118
55813
46299
55844
36424
55882
17940
55905
18134
55920
15233
55964
20179
55990
67844
56036
56503
56084
7355
56106
567
56218
13701
56240
41653
56278
34961
56285
46397
56301
69644
56320
34892
56340
75557
56349
9956
56367
46241
56409
19810
56419
22352
56444
64857
56531
23479
56545
44821
56552
49828
56558
55162
56599
74094
56617
62710
56659
75127
56720
46507
56731
35292
56743
45467
56762
24126
56779
31934
56796
48646
56817
17474
56864
36022
56904
21735
56909
3647
56917
48282
56934
27237
56952
72162
56977
32332
57022
49916
57090
60954
57105
30015
57106
10174
57118
78351
57119
9739
57200
52496
57202
37157
57216
3409
57226
20608
57246
74388
57262
17200
57285
55117
57289
74350
57308
21897
57322
23718
57336
57879
57442
76112
57452
25266
57460
60399
57480
29776
57493
31058
57516
41538
57606
12314
57614
19004
57620
63992
57631
46640
57640
76470
57703
8640
57725
1507
57735
66397
57755
31866
57780
67989
57816
50852
57850
17567
57863
57033
57917
7813
57937
62976
58025
45064
58072
61331
58096
33082
58097
15637
58107
5271
58127
32967
58196
68990
58214
10388
58235
10390
58248
49
58255
19988
58268
77105
58295
33277
58310
28607
58314
75346
58335
51722
58346
38349
58456
58172
58462
37616
58496
55011
58497
35165
58516
52476
58547
23208
58552
32485
58601
1330
58605
7521
58611
33215
58619
39864
58623
71909
58643
28089
58644
58084
58667
47917
58715
12855
58727
6342
58765
22944
58781
38232
58785
76693
58796
75266
58798
8366
58801
65688
58818
66017
58831
45951
58860
5213
58875
21851
58880
73627
58886
36710
58892
33190
58899
860
58933
23604
58955
68858
58986
23849
58996
56493
59006
54714
59081
74001
59100
35853
59107
1396
59143
53101
59149
19391
59203
42430
59221
40244
59233
65522
59251
54731
59271
53042
59294
27108
59303
15184
59314
443
59386
26041
59393
52423
59445
20948
59497
6778
59561
72080
59596
71243
59605
77446
59646
1380
59651
36246
59661
10790
59692
50551
59709
55304
59730
1393
59808
28631
59856
64284
59899
58420
59911
11835
59928
31031
60045
26681
60063
53697
60075
39097
60080
26822
60130
64158
60143
40275
60144
11337
60145
6628
60158
73713
60165
41755
60167
71613
60253
12034
60309
58381
60346
45842
60350
10273
60351
49266
60355
12765
60377
28282
60380
73461
60390
29523
60448
73339
60466
9610
60483
43024
60519
7548
60564
56331
60600
72886
60610
14700
60657
74288
60666
45237
60670
3595
60682
18429
60690
45759
60694
45454
60712
58907
60718
43740
60723
74231
60725
5750
60731
33987
60737
73527
60742
28451
60752
14631
60758
32866
60761
1858
60765
27626
60789
54828
60801
15475
60811
25684
60849
14830
60854
18730
60857
37222
60858
15585
60927
39940
60942
77750
60946
20027
60979
60628
61016
63239
61045
18933
61071
47078
61076
62576
61145
1132
61209
15876
61271
12263
61274
24904
61292
49903
61310
62103
61341
70553
61345
56213
61359
78724
61363
30434
61426
46017
61438
46492
61463
54241
61519
36588
61523
65592
61572
6909
61575
66572
61610
23188
61611
16718
61653
21613
61691
46468
61698
32392
61703
5477
61740
1031
61741
67787
61766
78017
61831
10460
61857
62795
61950
20308
61958
18797
61969
37885
61975
21458
62024
44441
62076
20731
62083
77036
62095
54925
62152
62119
62183
56758
62197
4507
62207
9071
62221
69264
62254
65014
62272
78058
62410
78746
62413
77416
62476
12484
62494
66297
62540
49155
62544
56203
62555
36738
62585
29236
62601
3400
62610
3343
62670
62688
62682
70885
62761
42446
62766
24495
62805
79625
62831
44932
62859
76357
62872
29167
62877
3600
62907
73722
62917
33744
62922
67951
62930
35479
62961
77521
62962
57414
63006
27369
63015
45380
63022
27625
63037
63469
63112
39526
63120
43474
63220
12124
63243
14995
63354
51068
63412
44136
63415
16704
63436
10018
63438
47391
63447
23175
63486
33873
63487
63666
63508
34333
63510
6260
63511
8111
63533
14036
63572
5785
63578
58938
63590
62910
63623
13068
63626
51509
63637
51519
63670
41166
63697
54001
63723
30687
63727
436
63750
52784
63776
11224
63801
31987
63820
64650
63878
41464
63885
77422
63915
36383
63974
63847
64010
58301
64023
13717
64028
12460
64094
74906
64105
68554
64113
11140
64120
67834
64123
1969
64137
20927
64146
41907
64179
3790
64181
8231
64254
70987
64256
41414
64273
52176
64297
42506
64305
28347
64323
77253
64331
72386
64365
58311
64398
14752
64436
8028
64505
5695
64573
9062
64576
21968
64651
53699
64655
57357
64762
11583
64792
3364
64810
64374
64901
61402
64936
10606
65033
76771
65073
54917
65097
57975
65101
53378
65103
44333
65136
75662
65144
11315
65151
67110
65160
33908
65174
50109
65238
6491
65257
47312
65270
57187
65283
27215
65289
25525
65296
67519
65320
58003
65340
41064
65349
37035
65420
59665
65446
74550
65473
37961
65485
21368
65515
48012
65533
39293
65538
58840
65548
36764
65549
73213
65558
22329
65601
74259
65609
58883
65793
44969
65795
5505
65816
54402
65826
3918
65846
41243
65852
7154
65889
35172
65899
56004
65901
46706
65905
49370
65908
15783
65920
66654
65948
7059
65990
64407
66003
13824
66013
63797
66034
1381
66050
36263
66092
14725
66127
9614
66137
59613
66208
48526
66267
69567
66295
76395
66313
26240
66314
34040
66393
58461
66408
77533
66414
58564
66424
68640
66454
69932
66530
23749
66549
13636
66560
349
66570
5779
66672
22844
66688
22909
66701
7669
66711
48491
66730
17958
66846
27669
66863
13518
66874
47575
66914
20086
66940
71138
66979
7685
67006
55031
67011
36512
67014
19516
67023
73362
67078
30910
67099
58902
67125
1893
67204
66785
67205
67129
67222
69820
67231
27112
67271
24343
67307
47996
67324
51934
67326
50936
67328
7711
67342
57690
67373
27260
67378
22415
67429
11800
67447
71604
67472
40549
67484
62337
67488
36715
67499
5432
67545
35576
67546
32442
67625
65739
67626
75613
67656
13416
67669
31620
67680
16133
67684
11091
67685
32445
67700
7166
67750
70365
67793
74709
67825
55949
67838
14351
67867
32150
67898
9723
67917
2146
68004
66488
68090
23837
68098
20749
68135
17871
68175
57072
68198
55900
68210
5364
68296
9535
68390
53884
68404
7531
68425
39387
68471
68265
68473
13328
68500
39974
68516
35911
68537
31836
68588
5643
68662
24805
68703
74723
68709
28318
68725
34513
68753
21005
68755
46680
68777
10538
68783
64752
68787
64563
68803
58321
68810
36825
68856
28487
68877
36865
68890
11012
68893
15980
68925
59190
68928
23826
68964
45971
68970
53688
68989
31844
68993
14528
69011
20242
69016
41269
69020
7834
69044
10750
69052
37769
69062
60528
69094
27270
69115
57617
69129
136
69160
4472
69205
69973
69273
79060
69339
21048
69351
26340
69381
44469
69414
76367
69418
58814
69447
36300
69519
13559
69538
54193
69564
9077
69577
37829
69578
39501
69582
11603
69618
15533
69629
45888
69680
29059
69710
47909
69736
74373
69762
1763
69797
68586
69799
39937
69813
68945
69822
43033
69836
24777
69851
26705
69854
24875
69914
57457
69933
33546
69961
77079
70002
22795
70013
11530
70047
22006
70054
1417
70076
78021
70086
3288
70100
50490
70113
14177
70151
79439
70157
76577
70203
75457
70252
43851
70255
70855
70283
76980
70300
70865
70315
45955
70364
48242
70409
769
70438
68832
70446
18884
70452
5608
70475
44929
70487
8737
70496
54785
70520
16194
70533
23927
70576
26672
70589
61320
70626
57658
70634
57377
70640
1690
70663
29439
70689
3842
70692
11246
70723
17782
70729
317
70850
23197
70872
37204
70894
36853
70938
50693
70963
47705
70975
61347
70984
11594
71042
67879
71066
75883
71077
11814
71078
28775
71105
78637
71154
47471
71181
7553
71202
52828
71203
51555
71225
55750
71279
54596
71353
18653
71375
52675
71427
40918
71479
31820
71495
42382
71515
13194
71528
4019
71543
27896
71570
43248
71579
79444
71603
11195
71619
3837
71625
69197
71653
25509
71664
15638
71686
50726
71767
31525
71850
30526
71864
7195
71873
39716
71911
3189
71912
18770
71917
56042
71963
25522
71977
57638
72040
16244
72045
38191
72064
23170
72082
55957
72090
6307
72098
34325
72218
18281
72240
18283
72257
62829
72274
53732
72317
32195
72337
66813
72384
58419
72402
78200
72424
3056
72457
13339
72483
25075
72524
37934
72526
54648
72535
35542
72551
37791
72595
7539
72601
19711
72621
27664
72648
68288
72649
54851
72653
35176
72667
9803
72669
8439
72705
32898
72729
35512
72789
36367
72805
21934
72842
41308
72853
21885
72866
35646
72921
31791
72929
70857
72969
322
73009
73802
73037
55280
73041
14645
73061
77494
73099
26724
73105
30550
73106
14648
73177
19350
73182
43418
73226
78589
73251
49965
73272
64172
73279
67907
73302
55796
73316
37635
73317
25501
73425
44770
73468
30107
73496
79303
73533
23962
73581
64301
73598
19859
73599
63876
73625
24861
73626
30266
73629
2910
73638
23166
73794
56211
73828
63567
73991
67216
74063
74766
74068
75965
74114
9301
74131
17295
74132
30070
74135
72714
74138
63790
74157
52258
74176
3777
74198
77781
74295
72770
74307
47893
74311
31048
74313
50619
74416
29186
74420
38079
74425
29015
74446
56292
74495
47356
74509
58265
74533
28207
74548
42127
74562
34676
74575
35054
74613
17610
74624
37328
74684
27327
74725
47953
74758
61892
74812
73661
74836
55361
74867
61679
74957
20818
74974
5645
75017
15171
75022
44819
75023
60590
75102
42002
75138
61798
75161
13947
75201
62471
75247
15061
75330
32465
75334
794
75375
56838
75404
59373
75434
28492
75453
7432
75464
79282
75512
27969
75514
42404
75525
46232
75540
31361
75556
20430
75615
76189
75629
19382
75638
18012
75721
54364
75728
72194
75744
19335
75793
79416
75802
28209
75819
41935
75853
21218
75869
59930
75898
47821
75906
45542
75938
53917
75992
32723
76003
841
76021
49811
76054
53145
76095
75492
76097
8540
76102
40139
76103
68809
76111
6089
76210
55567
76259
51886
76306
62519
76313
63473
76345
39678
76372
73976
76448
29694
76453
22290
76490
55076
76496
51783
76567
32089
76690
75257
76692
52061
76712
69556
76733
2138
76752
17142
76772
68834
76780
26984
76792
12044
76809
34271
76843
73064
76866
61137
76879
43057
76965
4431
77004
21418
77041
50578
77051
7760
77053
6358
77058
34109
77065
29422
77083
22997
77114
44944
77143
35331
77163
3627
77176
60661
77187
60589
77210
67405
77225
78648
77255
19740
77271
67509
77274
1134
77304
33296
77330
4651
77409
67733
77421
61189
77449
18301
77520
54403
77556
21037
77629
69853
77635
17444
77673
4163
77685
4078
77715
52864
77725
79985
77760
13197
77766
3786
77772
47417
77783
70557
77785
20657
77802
23141
77839
55385
77844
60595
77866
33935
77938
6726
77967
51441
77986
42090
78024
75620
78062
39595
78105
56655
78131
4031
78161
28914
78172
22389
78199
15279
78205
29377
78343
28816
78359
37391
78363
4751
78364
34329
78368
36100
78384
50564
78424
52430
78432
62230
78433
21863
78442
53859
78445
23317
78532
2029
78542
71561
78597
16008
78615
42011
78632
51004
78655
78456
78675
20475
78713
23636
78721
58565
78731
29277
78745
51144
78789
72971
78790
28663
78828
70579
78852
30580
78884
60885
78934
26361
78959
36333
78970
27355
78986
19085
79019
5665
79063
11007
79071
57393
79074
14035
79107
41873
79110
28771
79115
58506
79164
45170
79166
42973
79185
53056
79227
765
79309
42983
79327
63272
79390
43054
79399
71233
79412
55888
79434
36456
79489
56850
79614
43357
79615
47654
79626
53159
79644
3014
79650
11584
79651
28594
79670
11838
79699
44079
79720
61066
79818
70020
79863
32570
79867
4629
79889
43968
79930
3046
79934
24212
79938
23918
79941
67874
79971
47113
2
67077
3
40496
78
27210
86
65429
100
55605
120
74412
123
59381
138
4691
142
16896
197
36252
204
56095
228
5105
249
61168
273
70548
285
51364
298
51686
308
10733
328
8249
340
4933
362
68943
434
43023
457
73558
464
53858
473
47468
506
1920
607
30568
617
47442
618
77974
651
14375
653
43278
692
6949
740
8064
742
12725
809
11824
827
25549
830
12303
883
22521
892
78484
920
8650
927
44324
930
74849
937
7286
961
77805
974
16661
998
68096
1015
16689
1057
66331
1099
27387
1170
6930
1187
18924
1204
40008
1325
46876
1350
9931
1369
6362
1385
78265
1452
49530
1518
17194
1552
30483
1555
60064
1619
64750
1641
37177
1643
13880
1680
14049
1716
32188
1749
56377
1813
4521
1815
51453
1833
60432
1922
60017
1941
37409
1946
27700
1953
19523
1954
50725
2010
51853
2063
25033
2080
64673
2119
79583
2120
33495
2182
40709
2186
2414
2202
7527
2226
27659
2244
36107
2275
6088
2301
2314
2316
19544
2328
41006
2377
79976
2386
3028
2445
75708
2634
36287
2753
39630
2754
17434
2790
39963
2815
46052
2830
13890
2878
79548
2885
60230
2912
34108
2914
30451
2929
38728
2931
23370
2939
45867
2955
38364
2980
7332
3059
20765
3067
15632
3085
55931
3149
28200
3200
67664
3215
68156
3244
21926
3249
35751
3330
24472
3352
15227
3374
78757
3383
74289
3477
8285
3480
10502
3505
14001
3524
51405
3528
12344
3565
63241
3582
3386
3604
54907
3619
66850
3635
51637
3651
78099
3745
16174
3751
68631
3803
5422
3841
43219
3854
24159
3920
70455
3929
35701
3976
22634
3992
19821
4028
25274
4053
3562
4118
65484
4151
2270
4164
5069
4182
26438
4223
18374
4317
17015
4340
53118
4357
59436
4575
67609
4612
24837
4742
74359
4773
52446
4899
47287
4931
61470
4960
24237
4965
53492
4991
62523
5015
78158
5085
30398
5197
10293
5198
49499
5205
3762
5289
3094
5395
19057
5436
30294
5492
6896
5501
34280
5541
16850
5582
55874
5599
54590
5603
35253
5622
7824
5629
10976
5677
25739
5691
18703
5706
51481
5769
41952
5805
24272
5845
19696
5877
56334
5905
31156
5906
50805
5917
78188
5926
45276
5986
67143
5991
50285
6006
15889
6115
74187
6116
76842
6141
72774
6181
55161
6221
19529
6237
52914
6294
71494
6326
35830
6419
78896
6425
28697
6440
9830
6445
5972
6498
61864
6531
51288
6639
32417
6645
32052
6710
24933
6712
58249
6730
39930
6735
25861
6743
72265
6765
10375
6771
37425
6772
22660
6814
12701
6823
22533
6825
26867
6872
32573
6893
47622
6916
14304
6920
26415
6953
43496
6983
58693
6988
43737
6989
62869
7019
36127
7034
16265
7071
25436
7076
34222
7084
14695
7087
47901
7100
40294
7156
62037
7170
6659
7178
59689
7200
68472
7205
77618
7220
41236
7234
70301
7246
19278
7274
1107
7277
65069
7284
69024
7447
15630
7457
41563
7511
66413
7536
19323
7672
10439
7705
4448
7753
8343
7831
23452
7872
14545
7887
39701
7904
74487
7950
44925
7957
54493
7974
27566
7989
28591
8000
50303
8005
33417
8033
34551
8043
14525
8050
72564
8071
77683
8115
79921
8135
31645
8160
41570
8199
35261
8211
55654
8217
39134
8250
52557
8308
16779
8464
37917
8466
25714
8511
20849
8530
42656
8551
54045
8580
62001
8589
12763
8641
5315
8688
7253
8720
14959
8745
28556
8755
38227
8833
32233
8849
52696
8869
41722
8877
32048
8884
6767
8886
29191
8941
57495
8956
13414
8991
76078
9106
56998
9109
50010
9111
73838
9114
16185
9136
70030
9142
34497
9171
72228
9219
26286
9259
25269
9265
28219
9317
62656
9363
46032
9382
12794
9423
49173
9469
34840
9472
76776
9496
43516
9562
725
9565
47072
9618
77536
9637
36438
9656
37210
9700
5879
9774
62854
9783
257
9794
27145
9909
36070
9933
16378
9946
16987
10063
11712
10065
19385
10088
7662
10178
8651
10192
8772
10196
58777
10254
14520
10271
68780
10283
53814
10356
36048
10371
8396
10402
66145
10419
12619
10431
28773
10455
19635
10503
44346
10505
74002
10511
37816
10551
48248
10553
10736
10579
21583
10594
37890
10605
13527
10611
66832
10629
72407
10727
23194
10775
11872
10777
66603
10800
5048
10802
71589
10804
29130
10914
6268
11023
64364
11158
35377
11184
3120
11207
28006
11232
10179
11268
67116
11287
15747
11306
1295
11322
39037
11415
2158
11466
27931
11509
6808
11556
25335
11639
3613
11646
41944
11764
63559
11809
65799
11884
5933
11914
32588
11941
60996
11996
51802
12006
590
12099
78558
12106
29837
12120
42155
12248
24222
12257
50295
12264
54321
12322
47862
12565
42045
12617
78215
12669
62363
12686
20562
12687
23178
12737
9898
12744
73646
12752
70900
12935
41333
12948
18771
12952
39575
12989
72992
13036
21124
13078
67411
13092
21366
13106
65998
13109
57494
13112
31273
13145
57085
13147
75313
13164
11081
13177
19274
13186
18159
13215
30638
13309
49640
13331
8971
13362
19148
13427
31042
13478
23408
13519
22070
13534
72856
13538
77025
13555
21287
13605
5411
13692
51786
13706
53287
13792
47998
13828
52977
13858
48934
13872
64629
13873
22866
13932
19685
14014
72432
14021
19357
14043
72721
14096
65803
14122
20311
14154
69030
14165
14406
14249
69051
14319
47310
14325
29228
14329
68617
14341
33151
14355
16918
14447
22151
14450
22754
14460
5145
14484
32055
14500
39893
14582
78538
14668
411
14683
1174
14738
53718
14751
67514
14816
79989
14850
33384
14896
73898
14912
20893
14940
62782
14952
69170
15004
65242
15024
41257
15063
38326
15065
69483
15080
77659
15111
68587
15144
56877
15203
29953
15230
66924
15295
52958
15318
59132
15354
79433
15465
39229
15474
19808
15515
76081
15536
27483
15546
50542
15549
2096
15578
76778
15649
54079
15656
4524
15665
62549
15714
58556
15744
4937
15893
67470
15946
42431
16030
58930
16073
63888
16084
39350
16096
47673
16116
73327
16122
40820
16142
60026
16199
72885
16315
63728
16318
28969
16413
37759
16433
48184
16556
10110
16710
3430
16723
23499
16730
43784
16930
28427
16956
21665
17056
49676
17091
1101
17140
7879
17152
67317
17212
53665
17237
78005
17242
58608
17314
75973
17397
17336
17403
2305
17431
23444
17504
19983
17536
52064
17763
44044
17846
79783
17921
45608
17924
1011
17925
15803
17951
50865
17952
74309
18004
52059
18015
51446
18071
65046
18158
74765
18187
60947
18192
63521
18339
29163
18371
2013
18389
43270
18405
21893
18512
26369
18519
64836
18558
20696
18564
68845
18585
25243
18596
11739
18757
75278
18761
69278
18814
36670
18935
61709
18966
12109
18978
36878
18986
61564
19051
53716
19111
48353
19129
29852
19293
72486
19340
62561
19373
54873
19392
69302
19404
32207
19410
74273
19420
66641
19440
37970
19441
10838
19558
63318
19584
38076
19599
2760
19627
46857
19636
4968
19678
635
19710
49080
19759
34970
19767
26162
19784
6032
19837
63779
19846
74956
19857
52292
19935
56641
19936
5683
19940
37628
19974
26076
20026
29808
20037
32610
20049
57752
20074
17589
20093
26871
20122
26386
20161
4715
20177
62160
20208
8476
20248
39115
20304
62828
20315
40548
20376
33126
20513
15267
20544
53068
20564
66485
20647
56092
20748
19370
20912
54140
21027
69795
21063
16946
21108
49044
21228
74808
21308
167
21322
28788
21423
36190
21491
70953
21562
27655
21636
55012
21640
37400
21649
70567
21730
32413
21739
70969
21746
66019
21751
51129
21758
59137
21937
21253
22089
45857
22144
14539
22197
65387
22206
30695
22266
16425
22309
27685
22316
73474
22385
77728
22546
52133
22558
66629
22716
34931
22813
6672
22993
58523
23005
21786
23044
45988
23048
8416
23112
69829
23134
15595
23206
6418
23218
37473
23242
11919
23349
23533
23486
33301
23493
26890
23494
50289
23574
41978
23587
67559
23684
64656
23702
71831
23760
41307
23768
1928
23771
14060
23811
39694
23822
7578
23853
10055
23873
43515
23874
29910
23965
24818
24040
48157
24061
22965
24144
73564
24168
4121
24202
70376
24271
873
24278
18387
24314
40529
24315
732
24337
69494
24368
12931
24453
19207
24506
10554
24536
74922
24551
30142
24558
58640
24592
51899
24792
49563
24801
75033
24820
29323
24825
48977
24826
47820
24854
19118
24870
52202
24932
79533
25056
66717
25067
65452
25069
8537
25135
30646
25170
65374
25271
75635
25406
73179
25431
38337
25482
31739
25505
66769
25523
14015
25526
14762
25538
22958
25584
24140
25665
3749
25787
50844
25795
15453
25807
79422
25819
51088
25893
33198
25916
42229
26090
43715
26092
9807
26102
76537
26269
72321
26325
44017
26332
68161
26337
56873
26381
21049
26474
49818
26567
20905
26570
145
26638
22372
26689
23375
26765
8326
26875
34078
26906
69771
26980
60110
26997
78290
27044
78107
27118
71705
27152
78880
27199
17148
27219
31549
27221
39812
27225
29096
27257
39617
27287
55909
27431
22202
27519
18381
27602
16401
27629
38348
27682
67096
27763
29105
27870
68729
27921
41216
27963
52978
27971
8196
28045
315
28135
9828
28148
39577
28220
67157
28315
11625
28377
31986
28447
24990
28574
31506
28597
56137
28602
35856
28657
27434
28662
53833
28685
20582
28767
41906
28803
5635
28912
62227
28965
55010
29006
61922
29033
16682
29040
58483
29045
49222
29057
24035
29076
43226
29080
8938
29185
2150
29218
41230
29255
58233
29256
8039
29347
68056
29427
71876
29480
23191
29515
37487
29663
11402
29698
29446
29719
42146
29744
56770
29758
52491
29815
10292
29845
57712
29875
77924
29921
70791
29959
24587
30023
73590
30031
57152
30082
22682
30126
16140
30206
5632
30227
5517
30254
68779
30267
50834
30273
7366
30344
38356
30368
19358
30611
53112
30618
55189
30631
69900
30880
37638
30881
20953
30979
58832
31018
55937
31022
26307
31060
28549
31182
27881
31191
8407
31194
65468
31212
57025
31319
17351
31405
22186
31422
21347
31440
22881
31533
66546
31629
39541
31689
19954
31860
35588
31887
21171
31971
72342
32031
6580
32126
33225
32194
20878
32213
50478
32227
48187
32294
45637
32430
54002
32453
35425
32497
76750
32509
43659
32784
9537
32789
3570
32797
12147
32889
54750
32932
59675
32947
56921
32949
9033
32951
10984
32964
72189
33008
79217
33019
5813
33029
4367
33122
53510
33140
72683
33168
63227
33185
26719
33194
2228
33233
27440
33244
46576
33286
18652
33299
5210
33312
5746
33344
40349
33425
14271
33434
3634
33439
72790
33494
10598
33564
74430
33767
71457
33797
10377
33811
67564
33860
27938
33870
35735
33892
59586
33898
9715
34024
4415
34063
54883
34098
17948
34123
33490
34138
14434
34168
21694
34198
46294
34268
27323
34306
20077
34310
50817
34355
16774
34411
10617
34470
51156
34526
4547
34550
8118
34719
20561
34805
32393
34826
42162
34869
66630
34979
72871
35093
42564
35105
74030
35150
70131
35161
40483
35284
17058
35324
55135
35453
9582
35467
47395
35489
8018
35507
432
35579
57318
35589
27512
35597
17841
35640
73483
35660
43781
35708
2007
35776
77146
35790
6493
35794
14072
35876
47205
35889
33801
35898
63350
35939
31985
35967
39171
35990
26923
36017
74998
36042
55739
36044
13129
36089
37367
36205
58615
36224
21454
36332
351
36431
15759
36464
35732
36493
9851
36568
18487
36581
67008
36641
14288
36822
61708
36826
16397
36921
41094
36955
71293
36969
8173
37010
6037
37071
77438
37152
7763
37256
61308
37313
72129
37445
50902
37537
43833
37578
7675
37582
68785
37598
78448
37634
53599
37663
58362
37750
59115
37808
49292
37869
72995
37914
45941
37963
63539
38007
71117
38108
40995
38127
1520
38129
15643
38152
30640
38194
1807
38207
19981
38290
62465
38341
62339
38344
46652
38429
32035
38445
73257
38675
74258
38716
18099
38773
13154
38844
45105
38890
52067
38953
6019
38956
44433
38968
1035
39068
68707
39178
53832
39211
33331
39339
2975
39343
62551
39403
13642
39479
54848
39542
53987
39590
69659
39652
49774
39734
25419
39948
50233
40082
78860
40104
16692
40127
74384
40149
29800
40232
78552
40456
12013
40468
39184
40510
11472
40565
53598
40572
72456
40647
16027
40656
41436
40702
34912
40759
76433
40777
53733
40783
20517
40818
4803
40829
77518
40864
7455
40894
1971
40927
41237
40968
59330
40970
58333
40971
77607
41002
13027
41147
57815
41251
20825
41383
54951
41415
48391
41427
65345
41584
77820
41656
3700
41714
47254
41892
75736
41902
798
41960
16820
42100
17733
42295
8923
42332
79329
42348
22920
42421
22728
42424
40628
42476
5047
42546
25974
42588
24119
42621
59119
42745
78218
42767
16455
42807
64426
42884
4917
42928
1994
42970
64422
43049
72475
43082
30744
43139
27815
43176
18875
43267
47380
43289
68523
43302
79363
43338
22455
43367
14313
43377
56259
43390
5768
43517
78839
43567
40113
43615
77459
43755
71305
43873
55582
43956
2048
44113
9779
44137
44337
44170
2265
44215
45850
44315
25005
44358
18890
44377
11362
44380
70924
44427
36132
44466
78833
44612
74133
44724
55966
44786
48123
44850
45352
44915
13311
44918
71595
44967
6190
45155
54499
45177
60654
45201
13937
45231
54912
45381
6858
45437
63059
45633
47810
45713
57991
45726
51411
45736
31663
45865
52419
45901
73639
45979
9829
46102
22328
46179
19281
46347
75172
46392
50083
46399
77883
46407
19598
46668
16907
46931
73866
47005
17788
47052
20229
47148
5552
47272
62039
47291
27577
47399
69908
47432
77652
47555
7853
47594
29171
47596
35102
47769
27996
48070
13720
48130
38412
48134
64796
48159
67743
48423
49615
48533
42957
48637
30112
48694
48494
48720
49730
48747
59901
48942
15377
49037
50257
49149
68784
49252
71654
49282
20645
49299
42624
49319
35227
49507
69649
49546
40214
49668
58975
49686
59270
49784
16948
49969
28120
49974
9561
50311
29053
50366
57436
50425
16555
50459
75943
50601
3427
50654
21718
50704
36240
50750
70646
50773
61339
50840
28474
50889
50025
50931
79524
50988
15363
51019
66513
51166
16466
51198
42417
51211
11277
51379
48301
51382
64778
51475
40809
51760
54790
51769
44570
51816
44116
51839
56874
51877
31898
51965
65644
52118
27500
52145
6060
52159
34802
52192
37224
52337
3026
52417
38394
52478
70276
52484
55230
52490
2369
52504
55418
52617
12289
52679
23244
52699
25210
52722
47592
52760
37352
52824
828
52832
69630
52843
6479
52858
50207
52930
30664
52937
12867
52967
31576
53165
12074
53169
21043
53353
23233
53365
50488
53374
8323
53412
58993
53504
69811
53557
62614
53662
47581
53736
54862
53748
52068
53750
62932
53778
12676
53823
23252
53835
14061
53893
20181
54127
27030
54170
71102
54183
11022
54254
75520
54350
76194
54351
38725
54449
36563
54490
75939
54655
61630
54681
35114
54813
74405
54926
76488
54943
31336
54997
53645
55205
31082
55245
31223
55267
24928
55311
28092
55360
39761
55484
33031
55489
20408
55506
7251
55629
39814
55783
29885
55943
61327
56030
57544
56060
12611
56169
13744
56173
64728
56179
45251
56248
69843
56261
47517
56264
42739
56267
43171
56274
22432
56288
58329
56293
1542
56387
53053
56459
32695
56476
73943
56534
40176
56537
58585
56627
54232
56634
53392
56665
26854
56927
35944
56984
41796
56985
34514
57136
66098
57175
70396
57275
68076
57342
60384
57417
20094
57445
5716
57590
38419
57714
64151
57859
8873
57974
35971
57980
31950
58039
70003
58108
10418
58124
59066
58479
45077
58487
28543
58589
35466
58630
8432
58728
36403
58753
29155
58928
13856
59052
30980
59146
21719
59163
17976
59366
62068
59411
10676
59414
24333
59479
75315
59510
16940
59582
40746
59597
50435
59601
20627
59769
45015
59773
40091
59834
71580
60039
58800
60185
63135
60340
56199
60473
66901
60502
17420
60998
42919
61054
16430
61082
33611
61122
73353
61626
31945
61639
27073
61702
62140
61729
636
61758
37063
61830
67139
61883
41951
61894
53158
61918
8104
62087
1589
62269
11539
62543
55935
62796
58937
63077
67957
63303
10759
63408
73434
63418
21602
63425
21230
63561
11904
63575
44806
63668
65507
63855
73159
63897
65822
64030
66344
64268
58616
64520
43850
64549
36703
64625
76861
64664
79081
64858
15719
65063
9158
65227
40592
65568
15570
65648
6480
65808
75827
65944
3969
65970
43085
65977
46999
66290
4345
66338
15880
66489
58147
66509
74034
66964
68827
67007
6474
67052
35786
67089
48111
67184
54700
67273
29032
67392
37864
67467
78894
67547
17821
67574
60304
67652
72294
67653
21852
67683
12728
67918
23883
68044
67485
68731
4335
68854
70465
69152
54279
69163
23646
69203
31853
69222
55052
69368
3414
69452
27957
69487
60578
69560
38401
69692
19694
69776
23576
69817
12781
69872
47393
69909
77414
69960
75400
69988
51995
70138
31442
70163
46950
70202
73870
70249
32899
70280
61517
70635
38413
70899
1224
70929
2921
70942
54639
71246
30341
71443
78659
71452
14968
71469
50951
71478
23316
71500
35772
71501
342
71779
12285
71817
74743
71855
47218
72158
4458
72248
35419
72357
31959
72370
24320
72466
11460
72492
1685
72639
3229
72813
6224
72845
79772
72934
41316
72998
46599
73190
24958
73825
66171
73931
25636
74137
17366
74308
51497
74390
804
74704
61307
74752
12847
74903
75437
74969
53202
75162
1990
75167
64446
75264
6589
75382
29346
75429
10308
75472
25149
75588
43044
75730
78437
75743
64276
75786
33911
75818
1566
76072
59007
76157
4640
76196
45565
76239
46644
76542
15971
76603
34505
76710
62101
76719
42032
76963
51717
77062
45122
77276
17848
77314
14293
77478
35305
77507
50729
77595
5199
77670
7819
78007
57102
78012
11851
78223
39698
78340
52654
78658
48965
78678
10931
78907
36122
78966
16350
79090
75250
79231
1090
79246
22469
79341
75297
79358
61064
79403
31859
79595
74093
79701
23105
6
66353
67
44370
107
77344
180
32915
193
72724
346
54564
391
43984
472
6784
526
74718
665
27569
671
20465
675
13454
995
64174
1065
34258
1303
52307
1311
46369
1474
70782
1873
19566
1913
39094
2058
4566
2074
3910
2400
28655
2505
4688
2961
2344
3415
56460
3554
21577
3566
42172
3821
54975
3858
13942
3901
69802
4279
3724
4292
65848
4953
26365
5430
33108
5513
72627
5563
76590
5786
78707
5908
67648
6166
66215
6346
16366
6439
36409
6475
40734
6667
29020
7162
66937
7261
71142
7348
20189
8120
64842
8469
3107
8714
38549
8797
9992
8953
3816
8998
482
9234
61483
9883
38003
10290
11586
10410
11633
10540
18224
10561
2725
10872
73260
10944
73979
11230
2589
11424
36121
11685
5781
11751
22727
11847
42880
12137
24275
12499
13962
12513
4276
12711
18579
13835
55968
13960
18563
14123
19388
14561
3114
14618
55074
14696
6142
14718
28018
14950
47844
15762
53556
15860
74944
15890
68095
15953
54591
16117
54292
16607
62262
16801
25980
17131
3001
17190
65865
17807
58405
18163
45410
18402
67960
18606
16554
18987
3614
19493
71685
19915
25166
20419
16423
20718
71774
21351
23515
21451
16685
22945
41312
23285
1344
23772
27037
23881
42158
24304
28034
24967
11538
24979
77338
25666
51645
25955
10724
26133
44973
26462
17416
27279
38575
27911
78513
28438
3103
28498
78319
29109
500
29501
41758
29842
3722
29904
53947
29952
73509
30108
58357
30212
74491
30793
67497
31091
66346
31295
17166
31400
67185
31510
53357
31687
51638
33076
68384
33275
72186
33283
32611
33762
21009
34833
79407
35527
52807
35674
73082
35730
17240
35916
55483
36605
55716
36657
20656
37015
16591
39145
35693
39308
43757
39601
16924
40292
23945
41351
29027
41359
23068
42020
30318
42084
71275
42170
49788
42336
39098
42509
69989
42558
18058
43063
39069
43340
25424
43505
22708
44126
70647
44756
30095
45293
13806
45297
17155
46477
65301
47612
46639
47814
46307
47980
16022
48874
4672
49186
30647
51270
25345
51759
13421
52206
42812
54870
28101
55254
13830
55380
34640
55517
26850
56840
46502
59587
58734
62302
22462
62882
4269
63641
68401
63792
67197
64290
18108
65874
37262
66612
31109
66902
68002
67075
22111
68080
16681
70732
19432
71944
29410
74755
76047
75794
9429
77447
28688
